(kicad_pcb (version 20171130) (host pcbnew "(5.1.4)-1")

  (general
    (thickness 1.6)
    (drawings 23)
    (tracks 1116)
    (zones 0)
    (modules 233)
    (nets 234)
  )

  (page A4)
  (layers
    (0 F.Cu signal)
    (31 B.Cu signal)
    (32 B.Adhes user)
    (33 F.Adhes user)
    (34 B.Paste user)
    (35 F.Paste user)
    (36 B.SilkS user)
    (37 F.SilkS user)
    (38 B.Mask user)
    (39 F.Mask user)
    (40 Dwgs.User user)
    (41 Cmts.User user)
    (42 Eco1.User user)
    (43 Eco2.User user)
    (44 Edge.Cuts user)
    (45 Margin user)
    (46 B.CrtYd user)
    (47 F.CrtYd user)
    (48 B.Fab user)
    (49 F.Fab user)
  )

  (setup
    (last_trace_width 0.5)
    (user_trace_width 0.3)
    (user_trace_width 0.5)
    (user_trace_width 0.8)
    (trace_clearance 0.2)
    (zone_clearance 0.4)
    (zone_45_only no)
    (trace_min 0.2)
    (via_size 0.8)
    (via_drill 0.4)
    (via_min_size 0.4)
    (via_min_drill 0.3)
    (user_via 0.5 0.3)
    (user_via 1 0.6)
    (user_via 6 3)
    (uvia_size 0.3)
    (uvia_drill 0.1)
    (uvias_allowed no)
    (uvia_min_size 0.2)
    (uvia_min_drill 0.1)
    (edge_width 0.05)
    (segment_width 0.2)
    (pcb_text_width 0.3)
    (pcb_text_size 1.5 1.5)
    (mod_edge_width 0.12)
    (mod_text_size 1 1)
    (mod_text_width 0.15)
    (pad_size 1.524 1.524)
    (pad_drill 0.762)
    (pad_to_mask_clearance 0.051)
    (solder_mask_min_width 0.25)
    (aux_axis_origin 0 0)
    (visible_elements 7FFFFF7F)
    (pcbplotparams
      (layerselection 0x010fc_ffffffff)
      (usegerberextensions false)
      (usegerberattributes false)
      (usegerberadvancedattributes false)
      (creategerberjobfile false)
      (excludeedgelayer true)
      (linewidth 0.100000)
      (plotframeref false)
      (viasonmask false)
      (mode 1)
      (useauxorigin false)
      (hpglpennumber 1)
      (hpglpenspeed 20)
      (hpglpendiameter 15.000000)
      (psnegative false)
      (psa4output false)
      (plotreference true)
      (plotvalue true)
      (plotinvisibletext false)
      (padsonsilk false)
      (subtractmaskfromsilk false)
      (outputformat 1)
      (mirror false)
      (drillshape 1)
      (scaleselection 1)
      (outputdirectory ""))
  )

  (net 0 "")
  (net 1 GND)
  (net 2 /OSC_IN)
  (net 3 /~RST)
  (net 4 +3V3)
  (net 5 /OSC_OUT)
  (net 6 /FB)
  (net 7 "Net-(C5-Pad1)")
  (net 8 "Net-(C6-Pad1)")
  (net 9 "Net-(C6-Pad2)")
  (net 10 "Net-(C7-Pad1)")
  (net 11 /Batt)
  (net 12 5Vc)
  (net 13 +5V)
  (net 14 "Net-(C25-Pad2)")
  (net 15 "Net-(C25-Pad1)")
  (net 16 "Net-(C26-Pad1)")
  (net 17 "Net-(C26-Pad2)")
  (net 18 "Net-(C27-Pad2)")
  (net 19 "Net-(C27-Pad1)")
  (net 20 "Net-(C28-Pad2)")
  (net 21 "Net-(C28-Pad1)")
  (net 22 "Net-(C29-Pad1)")
  (net 23 "Net-(C29-Pad2)")
  (net 24 "Net-(C30-Pad1)")
  (net 25 "Net-(C30-Pad2)")
  (net 26 "Net-(C37-Pad2)")
  (net 27 "Net-(C37-Pad1)")
  (net 28 "Net-(C38-Pad1)")
  (net 29 "Net-(C38-Pad2)")
  (net 30 "Net-(C39-Pad2)")
  (net 31 "Net-(C39-Pad1)")
  (net 32 "Net-(C40-Pad1)")
  (net 33 "Net-(C40-Pad2)")
  (net 34 "Net-(C41-Pad1)")
  (net 35 "Net-(C41-Pad2)")
  (net 36 "Net-(C42-Pad2)")
  (net 37 "Net-(C42-Pad1)")
  (net 38 /Motor0_L)
  (net 39 /Motor0_R)
  (net 40 /Motor2_L)
  (net 41 /Motor2_R)
  (net 42 /Motor4_L)
  (net 43 /Motor4_R)
  (net 44 +BATT)
  (net 45 /Motor1_R)
  (net 46 /Motor1_L)
  (net 47 /Motor3_R)
  (net 48 /Motor3_L)
  (net 49 /Motor5_R)
  (net 50 /Motor5_L)
  (net 51 "Net-(D1-Pad2)")
  (net 52 "Net-(D2-Pad1)")
  (net 53 "Net-(D2-Pad2)")
  (net 54 "Net-(D3-Pad2)")
  (net 55 "Net-(D3-Pad1)")
  (net 56 "Net-(D4-Pad2)")
  (net 57 "Net-(D4-Pad1)")
  (net 58 "Net-(D5-Pad2)")
  (net 59 "Net-(D6-Pad2)")
  (net 60 "Net-(D8-Pad2)")
  (net 61 "Net-(D22-Pad2)")
  (net 62 "Net-(D23-Pad2)")
  (net 63 "Net-(D24-Pad2)")
  (net 64 "Net-(D25-Pad2)")
  (net 65 "Net-(D26-Pad2)")
  (net 66 "Net-(D27-Pad2)")
  (net 67 "Net-(D27-Pad1)")
  (net 68 "Net-(D28-Pad2)")
  (net 69 "Net-(J1-Pad2)")
  (net 70 /SWCLK)
  (net 71 /SWDIO)
  (net 72 "Net-(J1-Pad6)")
  (net 73 /ADC0)
  (net 74 /ADC1)
  (net 75 /ADC2)
  (net 76 /ADC3)
  (net 77 /ADC4)
  (net 78 /ADC5)
  (net 79 /ADC6)
  (net 80 /ADC7)
  (net 81 /ADC8)
  (net 82 /ADC9)
  (net 83 /D-)
  (net 84 /D+)
  (net 85 "Net-(J4-Pad4)")
  (net 86 "Net-(J4-Pad6)")
  (net 87 "Net-(J5-Pad4)")
  (net 88 "Net-(J5-Pad3)")
  (net 89 /USART2_TX)
  (net 90 /USART2_RX)
  (net 91 "Net-(Q1-Pad2)")
  (net 92 "Net-(Q1-Pad4)")
  (net 93 /MOTOR_BATT)
  (net 94 "Net-(Q2-Pad2)")
  (net 95 "Net-(Q2-Pad4)")
  (net 96 "Net-(Q3-Pad2)")
  (net 97 "Net-(Q3-Pad4)")
  (net 98 "Net-(Q4-Pad4)")
  (net 99 "Net-(Q4-Pad2)")
  (net 100 "Net-(Q5-Pad4)")
  (net 101 "Net-(Q5-Pad2)")
  (net 102 "Net-(Q6-Pad2)")
  (net 103 "Net-(Q6-Pad4)")
  (net 104 "Net-(Q7-Pad4)")
  (net 105 "Net-(Q7-Pad2)")
  (net 106 "Net-(Q8-Pad4)")
  (net 107 "Net-(Q8-Pad2)")
  (net 108 "Net-(Q9-Pad2)")
  (net 109 "Net-(Q9-Pad4)")
  (net 110 "Net-(Q10-Pad4)")
  (net 111 "Net-(Q10-Pad2)")
  (net 112 "Net-(Q11-Pad2)")
  (net 113 "Net-(Q11-Pad4)")
  (net 114 "Net-(Q12-Pad4)")
  (net 115 "Net-(Q12-Pad2)")
  (net 116 "Net-(Q13-Pad1)")
  (net 117 /EMG_IO)
  (net 118 "Net-(Q15-Pad1)")
  (net 119 "Net-(Q16-Pad1)")
  (net 120 "Net-(Q16-Pad2)")
  (net 121 /SW0)
  (net 122 /SW1)
  (net 123 "Net-(R8-Pad1)")
  (net 124 "Net-(R9-Pad1)")
  (net 125 /LED0)
  (net 126 /LED1)
  (net 127 /ENC_CH1)
  (net 128 /ENC_CH2)
  (net 129 "Net-(R16-Pad1)")
  (net 130 "Net-(R17-Pad1)")
  (net 131 "Net-(R18-Pad1)")
  (net 132 "Net-(R19-Pad1)")
  (net 133 "Net-(R20-Pad1)")
  (net 134 "Net-(R21-Pad1)")
  (net 135 "Net-(R22-Pad2)")
  (net 136 "Net-(R23-Pad2)")
  (net 137 "Net-(R24-Pad2)")
  (net 138 "Net-(R25-Pad2)")
  (net 139 "Net-(R26-Pad2)")
  (net 140 "Net-(R27-Pad2)")
  (net 141 "Net-(R28-Pad2)")
  (net 142 "Net-(R29-Pad2)")
  (net 143 "Net-(R30-Pad2)")
  (net 144 "Net-(R31-Pad2)")
  (net 145 "Net-(R32-Pad2)")
  (net 146 "Net-(R33-Pad2)")
  (net 147 "Net-(R34-Pad1)")
  (net 148 "Net-(R35-Pad1)")
  (net 149 "Net-(R36-Pad1)")
  (net 150 "Net-(R37-Pad1)")
  (net 151 "Net-(R38-Pad1)")
  (net 152 "Net-(R39-Pad1)")
  (net 153 "Net-(R40-Pad2)")
  (net 154 "Net-(R41-Pad2)")
  (net 155 "Net-(R42-Pad2)")
  (net 156 "Net-(R43-Pad2)")
  (net 157 "Net-(R44-Pad2)")
  (net 158 "Net-(R45-Pad2)")
  (net 159 "Net-(R46-Pad2)")
  (net 160 "Net-(R47-Pad2)")
  (net 161 "Net-(R48-Pad2)")
  (net 162 "Net-(R49-Pad2)")
  (net 163 "Net-(R50-Pad2)")
  (net 164 "Net-(R51-Pad2)")
  (net 165 "Net-(J15-Pad2)")
  (net 166 /SPI2_NSS)
  (net 167 "Net-(J15-Pad3)")
  (net 168 /SPI2_MOSI)
  (net 169 /SPI2_SCK)
  (net 170 "Net-(J15-Pad5)")
  (net 171 "Net-(J15-Pad7)")
  (net 172 /SPI2_MISO)
  (net 173 /Buzzer_PWM)
  (net 174 "Net-(SW4-Pad1)")
  (net 175 "Net-(SW5-Pad1)")
  (net 176 /USART3_TX)
  (net 177 /USART3_RX)
  (net 178 "Net-(U2-Pad8)")
  (net 179 "Net-(U2-Pad9)")
  (net 180 "Net-(U2-Pad10)")
  (net 181 /I2C2_SCL)
  (net 182 /Motor0_L_PWM)
  (net 183 /Motor0_R_PWM)
  (net 184 /Motor1_L_PWM)
  (net 185 /Motor1_R_PWM)
  (net 186 /Motor2_L_PWM)
  (net 187 /Motor2_R_PWM)
  (net 188 /Motor3_L_PWM)
  (net 189 /Motor3_R_PWM)
  (net 190 "Net-(U3-Pad45)")
  (net 191 /I2C2_SDA)
  (net 192 /ADRESS0)
  (net 193 /ADRESS1)
  (net 194 /ADRESS2)
  (net 195 /ADRESS3)
  (net 196 /Motor5_L_PWM)
  (net 197 /Motor5_R_PWM)
  (net 198 /Motor4_L_PWM)
  (net 199 /Motor4_R_PWM)
  (net 200 "Net-(U18-Pad3)")
  (net 201 "Net-(C55-Pad1)")
  (net 202 "Net-(C56-Pad2)")
  (net 203 "Net-(C56-Pad1)")
  (net 204 "Net-(U22-Pad1)")
  (net 205 "Net-(J15-Pad9)")
  (net 206 "Net-(J15-Pad8)")
  (net 207 "Net-(J15-Pad1)")
  (net 208 "Net-(J15-Pad11)")
  (net 209 "Net-(J15-Pad10)")
  (net 210 "Net-(J14-Pad3)")
  (net 211 /SERVO_PWM)
  (net 212 "Net-(J17-Pad1)")
  (net 213 "Net-(J17-Pad2)")
  (net 214 "Net-(D29-Pad1)")
  (net 215 /Motor0_CW)
  (net 216 /Motor1_CW)
  (net 217 /Motor2_CW)
  (net 218 /Motor3_CW)
  (net 219 /Motor0_PWM)
  (net 220 /Motor1_PWM)
  (net 221 /Motor2_PWM)
  (net 222 /Motor3_PWM)
  (net 223 /Motor4_PWM)
  (net 224 /Motor5_PWM)
  (net 225 /Motor4_CW)
  (net 226 /Motor5_CW)
  (net 227 "Net-(U23-Pad12)")
  (net 228 "Net-(U23-Pad10)")
  (net 229 "Net-(U23-Pad8)")
  (net 230 "Net-(U23-Pad6)")
  (net 231 "Net-(U23-Pad4)")
  (net 232 "Net-(U23-Pad2)")
  (net 233 "Net-(D31-Pad2)")

  (net_class Default "これはデフォルトのネット クラスです。"
    (clearance 0.2)
    (trace_width 0.25)
    (via_dia 0.8)
    (via_drill 0.4)
    (uvia_dia 0.3)
    (uvia_drill 0.1)
    (add_net +3V3)
    (add_net +5V)
    (add_net +BATT)
    (add_net /ADC0)
    (add_net /ADC1)
    (add_net /ADC2)
    (add_net /ADC3)
    (add_net /ADC4)
    (add_net /ADC5)
    (add_net /ADC6)
    (add_net /ADC7)
    (add_net /ADC8)
    (add_net /ADC9)
    (add_net /ADRESS0)
    (add_net /ADRESS1)
    (add_net /ADRESS2)
    (add_net /ADRESS3)
    (add_net /Batt)
    (add_net /Buzzer_PWM)
    (add_net /D+)
    (add_net /D-)
    (add_net /EMG_IO)
    (add_net /ENC_CH1)
    (add_net /ENC_CH2)
    (add_net /FB)
    (add_net /I2C2_SCL)
    (add_net /I2C2_SDA)
    (add_net /LED0)
    (add_net /LED1)
    (add_net /MOTOR_BATT)
    (add_net /Motor0_CW)
    (add_net /Motor0_L)
    (add_net /Motor0_L_PWM)
    (add_net /Motor0_PWM)
    (add_net /Motor0_R)
    (add_net /Motor0_R_PWM)
    (add_net /Motor1_CW)
    (add_net /Motor1_L)
    (add_net /Motor1_L_PWM)
    (add_net /Motor1_PWM)
    (add_net /Motor1_R)
    (add_net /Motor1_R_PWM)
    (add_net /Motor2_CW)
    (add_net /Motor2_L)
    (add_net /Motor2_L_PWM)
    (add_net /Motor2_PWM)
    (add_net /Motor2_R)
    (add_net /Motor2_R_PWM)
    (add_net /Motor3_CW)
    (add_net /Motor3_L)
    (add_net /Motor3_L_PWM)
    (add_net /Motor3_PWM)
    (add_net /Motor3_R)
    (add_net /Motor3_R_PWM)
    (add_net /Motor4_CW)
    (add_net /Motor4_L)
    (add_net /Motor4_L_PWM)
    (add_net /Motor4_PWM)
    (add_net /Motor4_R)
    (add_net /Motor4_R_PWM)
    (add_net /Motor5_CW)
    (add_net /Motor5_L)
    (add_net /Motor5_L_PWM)
    (add_net /Motor5_PWM)
    (add_net /Motor5_R)
    (add_net /Motor5_R_PWM)
    (add_net /OSC_IN)
    (add_net /OSC_OUT)
    (add_net /SERVO_PWM)
    (add_net /SPI2_MISO)
    (add_net /SPI2_MOSI)
    (add_net /SPI2_NSS)
    (add_net /SPI2_SCK)
    (add_net /SW0)
    (add_net /SW1)
    (add_net /SWCLK)
    (add_net /SWDIO)
    (add_net /USART2_RX)
    (add_net /USART2_TX)
    (add_net /USART3_RX)
    (add_net /USART3_TX)
    (add_net /~RST)
    (add_net 5Vc)
    (add_net GND)
    (add_net "Net-(C25-Pad1)")
    (add_net "Net-(C25-Pad2)")
    (add_net "Net-(C26-Pad1)")
    (add_net "Net-(C26-Pad2)")
    (add_net "Net-(C27-Pad1)")
    (add_net "Net-(C27-Pad2)")
    (add_net "Net-(C28-Pad1)")
    (add_net "Net-(C28-Pad2)")
    (add_net "Net-(C29-Pad1)")
    (add_net "Net-(C29-Pad2)")
    (add_net "Net-(C30-Pad1)")
    (add_net "Net-(C30-Pad2)")
    (add_net "Net-(C37-Pad1)")
    (add_net "Net-(C37-Pad2)")
    (add_net "Net-(C38-Pad1)")
    (add_net "Net-(C38-Pad2)")
    (add_net "Net-(C39-Pad1)")
    (add_net "Net-(C39-Pad2)")
    (add_net "Net-(C40-Pad1)")
    (add_net "Net-(C40-Pad2)")
    (add_net "Net-(C41-Pad1)")
    (add_net "Net-(C41-Pad2)")
    (add_net "Net-(C42-Pad1)")
    (add_net "Net-(C42-Pad2)")
    (add_net "Net-(C5-Pad1)")
    (add_net "Net-(C55-Pad1)")
    (add_net "Net-(C56-Pad1)")
    (add_net "Net-(C56-Pad2)")
    (add_net "Net-(C6-Pad1)")
    (add_net "Net-(C6-Pad2)")
    (add_net "Net-(C7-Pad1)")
    (add_net "Net-(D1-Pad2)")
    (add_net "Net-(D2-Pad1)")
    (add_net "Net-(D2-Pad2)")
    (add_net "Net-(D22-Pad2)")
    (add_net "Net-(D23-Pad2)")
    (add_net "Net-(D24-Pad2)")
    (add_net "Net-(D25-Pad2)")
    (add_net "Net-(D26-Pad2)")
    (add_net "Net-(D27-Pad1)")
    (add_net "Net-(D27-Pad2)")
    (add_net "Net-(D28-Pad2)")
    (add_net "Net-(D29-Pad1)")
    (add_net "Net-(D3-Pad1)")
    (add_net "Net-(D3-Pad2)")
    (add_net "Net-(D31-Pad2)")
    (add_net "Net-(D4-Pad1)")
    (add_net "Net-(D4-Pad2)")
    (add_net "Net-(D5-Pad2)")
    (add_net "Net-(D6-Pad2)")
    (add_net "Net-(D8-Pad2)")
    (add_net "Net-(J1-Pad2)")
    (add_net "Net-(J1-Pad6)")
    (add_net "Net-(J14-Pad3)")
    (add_net "Net-(J15-Pad1)")
    (add_net "Net-(J15-Pad10)")
    (add_net "Net-(J15-Pad11)")
    (add_net "Net-(J15-Pad2)")
    (add_net "Net-(J15-Pad3)")
    (add_net "Net-(J15-Pad5)")
    (add_net "Net-(J15-Pad7)")
    (add_net "Net-(J15-Pad8)")
    (add_net "Net-(J15-Pad9)")
    (add_net "Net-(J17-Pad1)")
    (add_net "Net-(J17-Pad2)")
    (add_net "Net-(J4-Pad4)")
    (add_net "Net-(J4-Pad6)")
    (add_net "Net-(J5-Pad3)")
    (add_net "Net-(J5-Pad4)")
    (add_net "Net-(Q1-Pad2)")
    (add_net "Net-(Q1-Pad4)")
    (add_net "Net-(Q10-Pad2)")
    (add_net "Net-(Q10-Pad4)")
    (add_net "Net-(Q11-Pad2)")
    (add_net "Net-(Q11-Pad4)")
    (add_net "Net-(Q12-Pad2)")
    (add_net "Net-(Q12-Pad4)")
    (add_net "Net-(Q13-Pad1)")
    (add_net "Net-(Q15-Pad1)")
    (add_net "Net-(Q16-Pad1)")
    (add_net "Net-(Q16-Pad2)")
    (add_net "Net-(Q2-Pad2)")
    (add_net "Net-(Q2-Pad4)")
    (add_net "Net-(Q3-Pad2)")
    (add_net "Net-(Q3-Pad4)")
    (add_net "Net-(Q4-Pad2)")
    (add_net "Net-(Q4-Pad4)")
    (add_net "Net-(Q5-Pad2)")
    (add_net "Net-(Q5-Pad4)")
    (add_net "Net-(Q6-Pad2)")
    (add_net "Net-(Q6-Pad4)")
    (add_net "Net-(Q7-Pad2)")
    (add_net "Net-(Q7-Pad4)")
    (add_net "Net-(Q8-Pad2)")
    (add_net "Net-(Q8-Pad4)")
    (add_net "Net-(Q9-Pad2)")
    (add_net "Net-(Q9-Pad4)")
    (add_net "Net-(R16-Pad1)")
    (add_net "Net-(R17-Pad1)")
    (add_net "Net-(R18-Pad1)")
    (add_net "Net-(R19-Pad1)")
    (add_net "Net-(R20-Pad1)")
    (add_net "Net-(R21-Pad1)")
    (add_net "Net-(R22-Pad2)")
    (add_net "Net-(R23-Pad2)")
    (add_net "Net-(R24-Pad2)")
    (add_net "Net-(R25-Pad2)")
    (add_net "Net-(R26-Pad2)")
    (add_net "Net-(R27-Pad2)")
    (add_net "Net-(R28-Pad2)")
    (add_net "Net-(R29-Pad2)")
    (add_net "Net-(R30-Pad2)")
    (add_net "Net-(R31-Pad2)")
    (add_net "Net-(R32-Pad2)")
    (add_net "Net-(R33-Pad2)")
    (add_net "Net-(R34-Pad1)")
    (add_net "Net-(R35-Pad1)")
    (add_net "Net-(R36-Pad1)")
    (add_net "Net-(R37-Pad1)")
    (add_net "Net-(R38-Pad1)")
    (add_net "Net-(R39-Pad1)")
    (add_net "Net-(R40-Pad2)")
    (add_net "Net-(R41-Pad2)")
    (add_net "Net-(R42-Pad2)")
    (add_net "Net-(R43-Pad2)")
    (add_net "Net-(R44-Pad2)")
    (add_net "Net-(R45-Pad2)")
    (add_net "Net-(R46-Pad2)")
    (add_net "Net-(R47-Pad2)")
    (add_net "Net-(R48-Pad2)")
    (add_net "Net-(R49-Pad2)")
    (add_net "Net-(R50-Pad2)")
    (add_net "Net-(R51-Pad2)")
    (add_net "Net-(R8-Pad1)")
    (add_net "Net-(R9-Pad1)")
    (add_net "Net-(SW4-Pad1)")
    (add_net "Net-(SW5-Pad1)")
    (add_net "Net-(U18-Pad3)")
    (add_net "Net-(U2-Pad10)")
    (add_net "Net-(U2-Pad8)")
    (add_net "Net-(U2-Pad9)")
    (add_net "Net-(U22-Pad1)")
    (add_net "Net-(U23-Pad10)")
    (add_net "Net-(U23-Pad12)")
    (add_net "Net-(U23-Pad2)")
    (add_net "Net-(U23-Pad4)")
    (add_net "Net-(U23-Pad6)")
    (add_net "Net-(U23-Pad8)")
    (add_net "Net-(U3-Pad45)")
  )

  (module Resistor_SMD:R_0603_1608Metric (layer F.Cu) (tedit 5B301BBD) (tstamp 5E1A1DF8)
    (at 112.65 34.25)
    (descr "Resistor SMD 0603 (1608 Metric), square (rectangular) end terminal, IPC_7351 nominal, (Body size source: http://www.tortai-tech.com/upload/download/2011102023233369053.pdf), generated with kicad-footprint-generator")
    (tags resistor)
    (path /5E272886)
    (attr smd)
    (fp_text reference R54 (at 0 -1.43) (layer F.SilkS) hide
      (effects (font (size 1 1) (thickness 0.15)))
    )
    (fp_text value 2.2k (at 2.7 0.05) (layer F.SilkS)
      (effects (font (size 0.8 0.8) (thickness 0.15)))
    )
    (fp_line (start -0.8 0.4) (end -0.8 -0.4) (layer F.Fab) (width 0.1))
    (fp_line (start -0.8 -0.4) (end 0.8 -0.4) (layer F.Fab) (width 0.1))
    (fp_line (start 0.8 -0.4) (end 0.8 0.4) (layer F.Fab) (width 0.1))
    (fp_line (start 0.8 0.4) (end -0.8 0.4) (layer F.Fab) (width 0.1))
    (fp_line (start -0.162779 -0.51) (end 0.162779 -0.51) (layer F.SilkS) (width 0.12))
    (fp_line (start -0.162779 0.51) (end 0.162779 0.51) (layer F.SilkS) (width 0.12))
    (fp_line (start -1.48 0.73) (end -1.48 -0.73) (layer F.CrtYd) (width 0.05))
    (fp_line (start -1.48 -0.73) (end 1.48 -0.73) (layer F.CrtYd) (width 0.05))
    (fp_line (start 1.48 -0.73) (end 1.48 0.73) (layer F.CrtYd) (width 0.05))
    (fp_line (start 1.48 0.73) (end -1.48 0.73) (layer F.CrtYd) (width 0.05))
    (fp_text user %R (at 0 0) (layer F.Fab)
      (effects (font (size 0.4 0.4) (thickness 0.06)))
    )
    (pad 1 smd roundrect (at -0.7875 0) (size 0.875 0.95) (layers F.Cu F.Paste F.Mask) (roundrect_rratio 0.25)
      (net 62 "Net-(D23-Pad2)"))
    (pad 2 smd roundrect (at 0.7875 0) (size 0.875 0.95) (layers F.Cu F.Paste F.Mask) (roundrect_rratio 0.25)
      (net 11 /Batt))
    (model ${KISYS3DMOD}/Resistor_SMD.3dshapes/R_0603_1608Metric.wrl
      (at (xyz 0 0 0))
      (scale (xyz 1 1 1))
      (rotate (xyz 0 0 0))
    )
  )

  (module Mizz_lib:XT30_F (layer F.Cu) (tedit 5E1D86EE) (tstamp 5E1A1827)
    (at 173.25 118.25 90)
    (path /5E3897B8)
    (fp_text reference J12 (at 4.9 -0.7 90) (layer F.Fab) hide
      (effects (font (size 1 1) (thickness 0.15)))
    )
    (fp_text value MOTOR5 (at 4.6 6 90) (layer F.SilkS)
      (effects (font (size 1 1) (thickness 0.25)))
    )
    (fp_line (start 0 0) (end 0 5.2) (layer F.SilkS) (width 0.15))
    (fp_line (start 8.4 5.2) (end 10.2 3.7) (layer F.SilkS) (width 0.15))
    (fp_line (start 8.4 0) (end 10.2 1.6) (layer F.SilkS) (width 0.15))
    (fp_line (start 10.2 1.6) (end 10.2 3.7) (layer F.SilkS) (width 0.15))
    (fp_line (start 8.4 5.2) (end 0 5.2) (layer F.SilkS) (width 0.15))
    (fp_line (start 8.4 0) (end 0 0) (layer F.SilkS) (width 0.15))
    (pad 1 thru_hole circle (at 7.6 2.6 90) (size 4.5 4.5) (drill 2.5) (layers *.Cu *.Mask F.SilkS)
      (net 50 /Motor5_L))
    (pad 2 thru_hole circle (at 2.6 2.6 90) (size 4.5 4.5) (drill 2.5) (layers *.Cu *.Mask F.SilkS)
      (net 49 /Motor5_R))
    (model C:/Users/3Zuta/OneDrive/デスクトップ/Ki-Cad_Lib/3Dmodel/XT30/XT30_F.step
      (offset (xyz -0.5 -5.15 11.5))
      (scale (xyz 1 1 1))
      (rotate (xyz -180 0 -90))
    )
  )

  (module Mizz_lib:XT60_M (layer F.Cu) (tedit 5E1962DD) (tstamp 5E1D7223)
    (at 189 36.5 270)
    (path /5DE876F2)
    (fp_text reference J13 (at 0 3 90) (layer F.SilkS) hide
      (effects (font (size 1 1) (thickness 0.15)))
    )
    (fp_text value BATT_IN (at 0 -5.25 90) (layer F.SilkS)
      (effects (font (size 1.5 1.5) (thickness 0.375)))
    )
    (fp_line (start -8 1.5) (end -5 4) (layer F.SilkS) (width 0.15))
    (fp_line (start -5 4) (end 8 4) (layer F.SilkS) (width 0.15))
    (fp_line (start -8 -1.5) (end -5 -4) (layer F.SilkS) (width 0.15))
    (fp_line (start -5 -4) (end 8 -4) (layer F.SilkS) (width 0.15))
    (fp_line (start -8 -1.5) (end -8 1.5) (layer F.SilkS) (width 0.15))
    (fp_line (start 8 -4) (end 8 4) (layer F.SilkS) (width 0.15))
    (pad 1 thru_hole circle (at -3.5 0 270) (size 6 6) (drill 4.5) (layers *.Cu *.Mask F.SilkS)
      (net 1 GND))
    (pad 2 thru_hole circle (at 3.5 0 270) (size 6 6) (drill 4.5) (layers *.Cu *.Mask F.SilkS)
      (net 44 +BATT))
    (model "C:/Users/3Zuta/OneDrive/デスクトップ/Ki-Cad_Lib/3Dmodel/XT60_m/XT60 Stecker.stp"
      (at (xyz 0 0 0))
      (scale (xyz 1 1 1))
      (rotate (xyz 0 0 0))
    )
  )

  (module Capacitor_SMD:C_0603_1608Metric (layer F.Cu) (tedit 5B301BBE) (tstamp 5E1A117B)
    (at 117.5 92.55 135)
    (descr "Capacitor SMD 0603 (1608 Metric), square (rectangular) end terminal, IPC_7351 nominal, (Body size source: http://www.tortai-tech.com/upload/download/2011102023233369053.pdf), generated with kicad-footprint-generator")
    (tags capacitor)
    (path /5E688340)
    (attr smd)
    (fp_text reference C1 (at 0 -1.43 135) (layer F.SilkS) hide
      (effects (font (size 1 1) (thickness 0.15)))
    )
    (fp_text value 22p (at 0 -1.202082 135) (layer F.SilkS)
      (effects (font (size 0.8 0.8) (thickness 0.15)))
    )
    (fp_text user %R (at 0 0 135) (layer F.Fab)
      (effects (font (size 0.4 0.4) (thickness 0.06)))
    )
    (fp_line (start 1.48 0.73) (end -1.48 0.73) (layer F.CrtYd) (width 0.05))
    (fp_line (start 1.48 -0.73) (end 1.48 0.73) (layer F.CrtYd) (width 0.05))
    (fp_line (start -1.48 -0.73) (end 1.48 -0.73) (layer F.CrtYd) (width 0.05))
    (fp_line (start -1.48 0.73) (end -1.48 -0.73) (layer F.CrtYd) (width 0.05))
    (fp_line (start -0.162779 0.51) (end 0.162779 0.51) (layer F.SilkS) (width 0.12))
    (fp_line (start -0.162779 -0.51) (end 0.162779 -0.51) (layer F.SilkS) (width 0.12))
    (fp_line (start 0.8 0.4) (end -0.8 0.4) (layer F.Fab) (width 0.1))
    (fp_line (start 0.8 -0.4) (end 0.8 0.4) (layer F.Fab) (width 0.1))
    (fp_line (start -0.8 -0.4) (end 0.8 -0.4) (layer F.Fab) (width 0.1))
    (fp_line (start -0.8 0.4) (end -0.8 -0.4) (layer F.Fab) (width 0.1))
    (pad 2 smd roundrect (at 0.7875 0 135) (size 0.875 0.95) (layers F.Cu F.Paste F.Mask) (roundrect_rratio 0.25)
      (net 1 GND))
    (pad 1 smd roundrect (at -0.7875 0 135) (size 0.875 0.95) (layers F.Cu F.Paste F.Mask) (roundrect_rratio 0.25)
      (net 2 /OSC_IN))
    (model ${KISYS3DMOD}/Capacitor_SMD.3dshapes/C_0603_1608Metric.wrl
      (at (xyz 0 0 0))
      (scale (xyz 1 1 1))
      (rotate (xyz 0 0 0))
    )
  )

  (module Capacitor_SMD:C_0603_1608Metric (layer B.Cu) (tedit 5B301BBE) (tstamp 5E1A118C)
    (at 124.45 76.25 180)
    (descr "Capacitor SMD 0603 (1608 Metric), square (rectangular) end terminal, IPC_7351 nominal, (Body size source: http://www.tortai-tech.com/upload/download/2011102023233369053.pdf), generated with kicad-footprint-generator")
    (tags capacitor)
    (path /5E5540C4)
    (attr smd)
    (fp_text reference C2 (at 0 1.43) (layer B.SilkS) hide
      (effects (font (size 1 1) (thickness 0.15)) (justify mirror))
    )
    (fp_text value 0.1u (at 0 -1.2) (layer B.SilkS)
      (effects (font (size 0.8 0.8) (thickness 0.15)) (justify mirror))
    )
    (fp_line (start -0.8 -0.4) (end -0.8 0.4) (layer B.Fab) (width 0.1))
    (fp_line (start -0.8 0.4) (end 0.8 0.4) (layer B.Fab) (width 0.1))
    (fp_line (start 0.8 0.4) (end 0.8 -0.4) (layer B.Fab) (width 0.1))
    (fp_line (start 0.8 -0.4) (end -0.8 -0.4) (layer B.Fab) (width 0.1))
    (fp_line (start -0.162779 0.51) (end 0.162779 0.51) (layer B.SilkS) (width 0.12))
    (fp_line (start -0.162779 -0.51) (end 0.162779 -0.51) (layer B.SilkS) (width 0.12))
    (fp_line (start -1.48 -0.73) (end -1.48 0.73) (layer B.CrtYd) (width 0.05))
    (fp_line (start -1.48 0.73) (end 1.48 0.73) (layer B.CrtYd) (width 0.05))
    (fp_line (start 1.48 0.73) (end 1.48 -0.73) (layer B.CrtYd) (width 0.05))
    (fp_line (start 1.48 -0.73) (end -1.48 -0.73) (layer B.CrtYd) (width 0.05))
    (fp_text user %R (at 0 0) (layer B.Fab)
      (effects (font (size 0.4 0.4) (thickness 0.06)) (justify mirror))
    )
    (pad 1 smd roundrect (at -0.7875 0 180) (size 0.875 0.95) (layers B.Cu B.Paste B.Mask) (roundrect_rratio 0.25)
      (net 1 GND))
    (pad 2 smd roundrect (at 0.7875 0 180) (size 0.875 0.95) (layers B.Cu B.Paste B.Mask) (roundrect_rratio 0.25)
      (net 3 /~RST))
    (model ${KISYS3DMOD}/Capacitor_SMD.3dshapes/C_0603_1608Metric.wrl
      (at (xyz 0 0 0))
      (scale (xyz 1 1 1))
      (rotate (xyz 0 0 0))
    )
  )

  (module Capacitor_SMD:C_0603_1608Metric (layer F.Cu) (tedit 5B301BBE) (tstamp 5E207CFA)
    (at 112.54 77.42 270)
    (descr "Capacitor SMD 0603 (1608 Metric), square (rectangular) end terminal, IPC_7351 nominal, (Body size source: http://www.tortai-tech.com/upload/download/2011102023233369053.pdf), generated with kicad-footprint-generator")
    (tags capacitor)
    (path /5E2E92E6)
    (attr smd)
    (fp_text reference C3 (at 0 -1.43 90) (layer F.SilkS) hide
      (effects (font (size 1 1) (thickness 0.15)))
    )
    (fp_text value 0.1u (at -2.7 0 90) (layer F.SilkS)
      (effects (font (size 0.8 0.8) (thickness 0.15)))
    )
    (fp_line (start -0.8 0.4) (end -0.8 -0.4) (layer F.Fab) (width 0.1))
    (fp_line (start -0.8 -0.4) (end 0.8 -0.4) (layer F.Fab) (width 0.1))
    (fp_line (start 0.8 -0.4) (end 0.8 0.4) (layer F.Fab) (width 0.1))
    (fp_line (start 0.8 0.4) (end -0.8 0.4) (layer F.Fab) (width 0.1))
    (fp_line (start -0.162779 -0.51) (end 0.162779 -0.51) (layer F.SilkS) (width 0.12))
    (fp_line (start -0.162779 0.51) (end 0.162779 0.51) (layer F.SilkS) (width 0.12))
    (fp_line (start -1.48 0.73) (end -1.48 -0.73) (layer F.CrtYd) (width 0.05))
    (fp_line (start -1.48 -0.73) (end 1.48 -0.73) (layer F.CrtYd) (width 0.05))
    (fp_line (start 1.48 -0.73) (end 1.48 0.73) (layer F.CrtYd) (width 0.05))
    (fp_line (start 1.48 0.73) (end -1.48 0.73) (layer F.CrtYd) (width 0.05))
    (fp_text user %R (at 0 0 90) (layer F.Fab)
      (effects (font (size 0.4 0.4) (thickness 0.06)))
    )
    (pad 1 smd roundrect (at -0.7875 0 270) (size 0.875 0.95) (layers F.Cu F.Paste F.Mask) (roundrect_rratio 0.25)
      (net 4 +3V3))
    (pad 2 smd roundrect (at 0.7875 0 270) (size 0.875 0.95) (layers F.Cu F.Paste F.Mask) (roundrect_rratio 0.25)
      (net 1 GND))
    (model ${KISYS3DMOD}/Capacitor_SMD.3dshapes/C_0603_1608Metric.wrl
      (at (xyz 0 0 0))
      (scale (xyz 1 1 1))
      (rotate (xyz 0 0 0))
    )
  )

  (module Capacitor_SMD:C_0603_1608Metric (layer F.Cu) (tedit 5B301BBE) (tstamp 5E1A11AE)
    (at 121.5 96.55 315)
    (descr "Capacitor SMD 0603 (1608 Metric), square (rectangular) end terminal, IPC_7351 nominal, (Body size source: http://www.tortai-tech.com/upload/download/2011102023233369053.pdf), generated with kicad-footprint-generator")
    (tags capacitor)
    (path /5E6D7917)
    (attr smd)
    (fp_text reference C4 (at 0 -1.43 135) (layer F.SilkS) hide
      (effects (font (size 1 1) (thickness 0.15)))
    )
    (fp_text value 22p (at 0 1.202082 135) (layer F.SilkS)
      (effects (font (size 0.8 0.8) (thickness 0.15)))
    )
    (fp_line (start -0.8 0.4) (end -0.8 -0.4) (layer F.Fab) (width 0.1))
    (fp_line (start -0.8 -0.4) (end 0.8 -0.4) (layer F.Fab) (width 0.1))
    (fp_line (start 0.8 -0.4) (end 0.8 0.4) (layer F.Fab) (width 0.1))
    (fp_line (start 0.8 0.4) (end -0.8 0.4) (layer F.Fab) (width 0.1))
    (fp_line (start -0.162779 -0.51) (end 0.162779 -0.51) (layer F.SilkS) (width 0.12))
    (fp_line (start -0.162779 0.51) (end 0.162779 0.51) (layer F.SilkS) (width 0.12))
    (fp_line (start -1.48 0.73) (end -1.48 -0.73) (layer F.CrtYd) (width 0.05))
    (fp_line (start -1.48 -0.73) (end 1.48 -0.73) (layer F.CrtYd) (width 0.05))
    (fp_line (start 1.48 -0.73) (end 1.48 0.73) (layer F.CrtYd) (width 0.05))
    (fp_line (start 1.48 0.73) (end -1.48 0.73) (layer F.CrtYd) (width 0.05))
    (fp_text user %R (at 0 0 135) (layer F.Fab)
      (effects (font (size 0.4 0.4) (thickness 0.06)))
    )
    (pad 1 smd roundrect (at -0.7875 0 315) (size 0.875 0.95) (layers F.Cu F.Paste F.Mask) (roundrect_rratio 0.25)
      (net 5 /OSC_OUT))
    (pad 2 smd roundrect (at 0.7875 0 315) (size 0.875 0.95) (layers F.Cu F.Paste F.Mask) (roundrect_rratio 0.25)
      (net 1 GND))
    (model ${KISYS3DMOD}/Capacitor_SMD.3dshapes/C_0603_1608Metric.wrl
      (at (xyz 0 0 0))
      (scale (xyz 1 1 1))
      (rotate (xyz 0 0 0))
    )
  )

  (module Capacitor_SMD:C_0603_1608Metric (layer B.Cu) (tedit 5B301BBE) (tstamp 5E1A11BF)
    (at 121.95 37.05 270)
    (descr "Capacitor SMD 0603 (1608 Metric), square (rectangular) end terminal, IPC_7351 nominal, (Body size source: http://www.tortai-tech.com/upload/download/2011102023233369053.pdf), generated with kicad-footprint-generator")
    (tags capacitor)
    (path /5DE9080F)
    (attr smd)
    (fp_text reference C5 (at 0 1.43 90) (layer B.SilkS) hide
      (effects (font (size 1 1) (thickness 0.15)) (justify mirror))
    )
    (fp_text value 4.7u (at -2.75 0 90) (layer B.SilkS)
      (effects (font (size 0.8 0.8) (thickness 0.15)) (justify mirror))
    )
    (fp_text user %R (at 0 0 90) (layer B.Fab)
      (effects (font (size 0.4 0.4) (thickness 0.06)) (justify mirror))
    )
    (fp_line (start 1.48 -0.73) (end -1.48 -0.73) (layer B.CrtYd) (width 0.05))
    (fp_line (start 1.48 0.73) (end 1.48 -0.73) (layer B.CrtYd) (width 0.05))
    (fp_line (start -1.48 0.73) (end 1.48 0.73) (layer B.CrtYd) (width 0.05))
    (fp_line (start -1.48 -0.73) (end -1.48 0.73) (layer B.CrtYd) (width 0.05))
    (fp_line (start -0.162779 -0.51) (end 0.162779 -0.51) (layer B.SilkS) (width 0.12))
    (fp_line (start -0.162779 0.51) (end 0.162779 0.51) (layer B.SilkS) (width 0.12))
    (fp_line (start 0.8 -0.4) (end -0.8 -0.4) (layer B.Fab) (width 0.1))
    (fp_line (start 0.8 0.4) (end 0.8 -0.4) (layer B.Fab) (width 0.1))
    (fp_line (start -0.8 0.4) (end 0.8 0.4) (layer B.Fab) (width 0.1))
    (fp_line (start -0.8 -0.4) (end -0.8 0.4) (layer B.Fab) (width 0.1))
    (pad 2 smd roundrect (at 0.7875 0 270) (size 0.875 0.95) (layers B.Cu B.Paste B.Mask) (roundrect_rratio 0.25)
      (net 6 /FB))
    (pad 1 smd roundrect (at -0.7875 0 270) (size 0.875 0.95) (layers B.Cu B.Paste B.Mask) (roundrect_rratio 0.25)
      (net 7 "Net-(C5-Pad1)"))
    (model ${KISYS3DMOD}/Capacitor_SMD.3dshapes/C_0603_1608Metric.wrl
      (at (xyz 0 0 0))
      (scale (xyz 1 1 1))
      (rotate (xyz 0 0 0))
    )
  )

  (module Capacitor_SMD:C_0603_1608Metric (layer B.Cu) (tedit 5B301BBE) (tstamp 5E1A11D0)
    (at 126.6 39.5 180)
    (descr "Capacitor SMD 0603 (1608 Metric), square (rectangular) end terminal, IPC_7351 nominal, (Body size source: http://www.tortai-tech.com/upload/download/2011102023233369053.pdf), generated with kicad-footprint-generator")
    (tags capacitor)
    (path /5DE8DD47)
    (attr smd)
    (fp_text reference C6 (at 0 1.43) (layer B.SilkS) hide
      (effects (font (size 1 1) (thickness 0.15)) (justify mirror))
    )
    (fp_text value 0.1u (at 2.05 0.35 90) (layer B.SilkS)
      (effects (font (size 0.8 0.8) (thickness 0.15)) (justify mirror))
    )
    (fp_line (start -0.8 -0.4) (end -0.8 0.4) (layer B.Fab) (width 0.1))
    (fp_line (start -0.8 0.4) (end 0.8 0.4) (layer B.Fab) (width 0.1))
    (fp_line (start 0.8 0.4) (end 0.8 -0.4) (layer B.Fab) (width 0.1))
    (fp_line (start 0.8 -0.4) (end -0.8 -0.4) (layer B.Fab) (width 0.1))
    (fp_line (start -0.162779 0.51) (end 0.162779 0.51) (layer B.SilkS) (width 0.12))
    (fp_line (start -0.162779 -0.51) (end 0.162779 -0.51) (layer B.SilkS) (width 0.12))
    (fp_line (start -1.48 -0.73) (end -1.48 0.73) (layer B.CrtYd) (width 0.05))
    (fp_line (start -1.48 0.73) (end 1.48 0.73) (layer B.CrtYd) (width 0.05))
    (fp_line (start 1.48 0.73) (end 1.48 -0.73) (layer B.CrtYd) (width 0.05))
    (fp_line (start 1.48 -0.73) (end -1.48 -0.73) (layer B.CrtYd) (width 0.05))
    (fp_text user %R (at 0 0) (layer B.Fab)
      (effects (font (size 0.4 0.4) (thickness 0.06)) (justify mirror))
    )
    (pad 1 smd roundrect (at -0.7875 0 180) (size 0.875 0.95) (layers B.Cu B.Paste B.Mask) (roundrect_rratio 0.25)
      (net 8 "Net-(C6-Pad1)"))
    (pad 2 smd roundrect (at 0.7875 0 180) (size 0.875 0.95) (layers B.Cu B.Paste B.Mask) (roundrect_rratio 0.25)
      (net 9 "Net-(C6-Pad2)"))
    (model ${KISYS3DMOD}/Capacitor_SMD.3dshapes/C_0603_1608Metric.wrl
      (at (xyz 0 0 0))
      (scale (xyz 1 1 1))
      (rotate (xyz 0 0 0))
    )
  )

  (module Capacitor_SMD:C_0603_1608Metric (layer F.Cu) (tedit 5B301BBE) (tstamp 5E1A11E1)
    (at 139.15 89.85 45)
    (descr "Capacitor SMD 0603 (1608 Metric), square (rectangular) end terminal, IPC_7351 nominal, (Body size source: http://www.tortai-tech.com/upload/download/2011102023233369053.pdf), generated with kicad-footprint-generator")
    (tags capacitor)
    (path /5DE39FFD)
    (attr smd)
    (fp_text reference C7 (at 0 -1.43 45) (layer F.SilkS) hide
      (effects (font (size 1 1) (thickness 0.15)))
    )
    (fp_text value 2.2u (at 0 1.202082 45) (layer F.SilkS)
      (effects (font (size 0.8 0.8) (thickness 0.15)))
    )
    (fp_line (start -0.8 0.4) (end -0.8 -0.4) (layer F.Fab) (width 0.1))
    (fp_line (start -0.8 -0.4) (end 0.8 -0.4) (layer F.Fab) (width 0.1))
    (fp_line (start 0.8 -0.4) (end 0.8 0.4) (layer F.Fab) (width 0.1))
    (fp_line (start 0.8 0.4) (end -0.8 0.4) (layer F.Fab) (width 0.1))
    (fp_line (start -0.162779 -0.51) (end 0.162779 -0.51) (layer F.SilkS) (width 0.12))
    (fp_line (start -0.162779 0.51) (end 0.162779 0.51) (layer F.SilkS) (width 0.12))
    (fp_line (start -1.48 0.73) (end -1.48 -0.73) (layer F.CrtYd) (width 0.05))
    (fp_line (start -1.48 -0.73) (end 1.48 -0.73) (layer F.CrtYd) (width 0.05))
    (fp_line (start 1.48 -0.73) (end 1.48 0.73) (layer F.CrtYd) (width 0.05))
    (fp_line (start 1.48 0.73) (end -1.48 0.73) (layer F.CrtYd) (width 0.05))
    (fp_text user %R (at 0 0 45) (layer F.Fab)
      (effects (font (size 0.4 0.4) (thickness 0.06)))
    )
    (pad 1 smd roundrect (at -0.7875 0 45) (size 0.875 0.95) (layers F.Cu F.Paste F.Mask) (roundrect_rratio 0.25)
      (net 10 "Net-(C7-Pad1)"))
    (pad 2 smd roundrect (at 0.7875 0 45) (size 0.875 0.95) (layers F.Cu F.Paste F.Mask) (roundrect_rratio 0.25)
      (net 1 GND))
    (model ${KISYS3DMOD}/Capacitor_SMD.3dshapes/C_0603_1608Metric.wrl
      (at (xyz 0 0 0))
      (scale (xyz 1 1 1))
      (rotate (xyz 0 0 0))
    )
  )

  (module Capacitor_SMD:C_0805_2012Metric (layer B.Cu) (tedit 5B36C52B) (tstamp 5E1A11F2)
    (at 129.35 37.95 270)
    (descr "Capacitor SMD 0805 (2012 Metric), square (rectangular) end terminal, IPC_7351 nominal, (Body size source: https://docs.google.com/spreadsheets/d/1BsfQQcO9C6DZCsRaXUlFlo91Tg2WpOkGARC1WS5S8t0/edit?usp=sharing), generated with kicad-footprint-generator")
    (tags capacitor)
    (path /5DE8B244)
    (attr smd)
    (fp_text reference C8 (at 0 1.65 90) (layer B.SilkS) hide
      (effects (font (size 1 1) (thickness 0.15)) (justify mirror))
    )
    (fp_text value 4.7u (at 0 -1.5 90) (layer B.SilkS)
      (effects (font (size 0.8 0.8) (thickness 0.15)) (justify mirror))
    )
    (fp_line (start -1 -0.6) (end -1 0.6) (layer B.Fab) (width 0.1))
    (fp_line (start -1 0.6) (end 1 0.6) (layer B.Fab) (width 0.1))
    (fp_line (start 1 0.6) (end 1 -0.6) (layer B.Fab) (width 0.1))
    (fp_line (start 1 -0.6) (end -1 -0.6) (layer B.Fab) (width 0.1))
    (fp_line (start -0.258578 0.71) (end 0.258578 0.71) (layer B.SilkS) (width 0.12))
    (fp_line (start -0.258578 -0.71) (end 0.258578 -0.71) (layer B.SilkS) (width 0.12))
    (fp_line (start -1.68 -0.95) (end -1.68 0.95) (layer B.CrtYd) (width 0.05))
    (fp_line (start -1.68 0.95) (end 1.68 0.95) (layer B.CrtYd) (width 0.05))
    (fp_line (start 1.68 0.95) (end 1.68 -0.95) (layer B.CrtYd) (width 0.05))
    (fp_line (start 1.68 -0.95) (end -1.68 -0.95) (layer B.CrtYd) (width 0.05))
    (fp_text user %R (at 0 0 90) (layer B.Fab)
      (effects (font (size 0.5 0.5) (thickness 0.08)) (justify mirror))
    )
    (pad 1 smd roundrect (at -0.9375 0 270) (size 0.975 1.4) (layers B.Cu B.Paste B.Mask) (roundrect_rratio 0.25)
      (net 11 /Batt))
    (pad 2 smd roundrect (at 0.9375 0 270) (size 0.975 1.4) (layers B.Cu B.Paste B.Mask) (roundrect_rratio 0.25)
      (net 1 GND))
    (model ${KISYS3DMOD}/Capacitor_SMD.3dshapes/C_0805_2012Metric.wrl
      (at (xyz 0 0 0))
      (scale (xyz 1 1 1))
      (rotate (xyz 0 0 0))
    )
  )

  (module Capacitor_SMD:C_0603_1608Metric (layer B.Cu) (tedit 5B301BBE) (tstamp 5E1A1203)
    (at 124.95 87.8 225)
    (descr "Capacitor SMD 0603 (1608 Metric), square (rectangular) end terminal, IPC_7351 nominal, (Body size source: http://www.tortai-tech.com/upload/download/2011102023233369053.pdf), generated with kicad-footprint-generator")
    (tags capacitor)
    (path /5DE37410)
    (attr smd)
    (fp_text reference C9 (at 0 1.43 45) (layer B.SilkS) hide
      (effects (font (size 1 1) (thickness 0.15)) (justify mirror))
    )
    (fp_text value 4.7u (at 0 -1.43 45) (layer B.SilkS)
      (effects (font (size 0.8 0.8) (thickness 0.15)) (justify mirror))
    )
    (fp_line (start -0.8 -0.4) (end -0.8 0.4) (layer B.Fab) (width 0.1))
    (fp_line (start -0.8 0.4) (end 0.8 0.4) (layer B.Fab) (width 0.1))
    (fp_line (start 0.8 0.4) (end 0.8 -0.4) (layer B.Fab) (width 0.1))
    (fp_line (start 0.8 -0.4) (end -0.8 -0.4) (layer B.Fab) (width 0.1))
    (fp_line (start -0.162779 0.51) (end 0.162779 0.51) (layer B.SilkS) (width 0.12))
    (fp_line (start -0.162779 -0.51) (end 0.162779 -0.51) (layer B.SilkS) (width 0.12))
    (fp_line (start -1.48 -0.73) (end -1.48 0.73) (layer B.CrtYd) (width 0.05))
    (fp_line (start -1.48 0.73) (end 1.48 0.73) (layer B.CrtYd) (width 0.05))
    (fp_line (start 1.48 0.73) (end 1.48 -0.73) (layer B.CrtYd) (width 0.05))
    (fp_line (start 1.48 -0.73) (end -1.48 -0.73) (layer B.CrtYd) (width 0.05))
    (fp_text user %R (at 0 0 45) (layer B.Fab)
      (effects (font (size 0.4 0.4) (thickness 0.06)) (justify mirror))
    )
    (pad 1 smd roundrect (at -0.7875 0 225) (size 0.875 0.95) (layers B.Cu B.Paste B.Mask) (roundrect_rratio 0.25)
      (net 4 +3V3))
    (pad 2 smd roundrect (at 0.7875 0 225) (size 0.875 0.95) (layers B.Cu B.Paste B.Mask) (roundrect_rratio 0.25)
      (net 1 GND))
    (model ${KISYS3DMOD}/Capacitor_SMD.3dshapes/C_0603_1608Metric.wrl
      (at (xyz 0 0 0))
      (scale (xyz 1 1 1))
      (rotate (xyz 0 0 0))
    )
  )

  (module Capacitor_SMD:C_0603_1608Metric (layer B.Cu) (tedit 5B301BBE) (tstamp 5E1A1214)
    (at 132.4 91.25 315)
    (descr "Capacitor SMD 0603 (1608 Metric), square (rectangular) end terminal, IPC_7351 nominal, (Body size source: http://www.tortai-tech.com/upload/download/2011102023233369053.pdf), generated with kicad-footprint-generator")
    (tags capacitor)
    (path /5DE3786A)
    (attr smd)
    (fp_text reference C10 (at 0 1.43 315) (layer B.SilkS) hide
      (effects (font (size 1 1) (thickness 0.15)) (justify mirror))
    )
    (fp_text value 0.1u (at 0 -1.131371 315) (layer B.SilkS)
      (effects (font (size 0.8 0.8) (thickness 0.15)) (justify mirror))
    )
    (fp_line (start -0.8 -0.4) (end -0.8 0.4) (layer B.Fab) (width 0.1))
    (fp_line (start -0.8 0.4) (end 0.8 0.4) (layer B.Fab) (width 0.1))
    (fp_line (start 0.8 0.4) (end 0.8 -0.4) (layer B.Fab) (width 0.1))
    (fp_line (start 0.8 -0.4) (end -0.8 -0.4) (layer B.Fab) (width 0.1))
    (fp_line (start -0.162779 0.51) (end 0.162779 0.51) (layer B.SilkS) (width 0.12))
    (fp_line (start -0.162779 -0.51) (end 0.162779 -0.51) (layer B.SilkS) (width 0.12))
    (fp_line (start -1.48 -0.73) (end -1.48 0.73) (layer B.CrtYd) (width 0.05))
    (fp_line (start -1.48 0.73) (end 1.48 0.73) (layer B.CrtYd) (width 0.05))
    (fp_line (start 1.48 0.73) (end 1.48 -0.73) (layer B.CrtYd) (width 0.05))
    (fp_line (start 1.48 -0.73) (end -1.48 -0.73) (layer B.CrtYd) (width 0.05))
    (fp_text user %R (at 0 0 315) (layer B.Fab)
      (effects (font (size 0.4 0.4) (thickness 0.06)) (justify mirror))
    )
    (pad 1 smd roundrect (at -0.7875 0 315) (size 0.875 0.95) (layers B.Cu B.Paste B.Mask) (roundrect_rratio 0.25)
      (net 4 +3V3))
    (pad 2 smd roundrect (at 0.7875 0 315) (size 0.875 0.95) (layers B.Cu B.Paste B.Mask) (roundrect_rratio 0.25)
      (net 1 GND))
    (model ${KISYS3DMOD}/Capacitor_SMD.3dshapes/C_0603_1608Metric.wrl
      (at (xyz 0 0 0))
      (scale (xyz 1 1 1))
      (rotate (xyz 0 0 0))
    )
  )

  (module Capacitor_SMD:C_0805_2012Metric (layer B.Cu) (tedit 5B36C52B) (tstamp 5E1A1225)
    (at 122.5 39.45 180)
    (descr "Capacitor SMD 0805 (2012 Metric), square (rectangular) end terminal, IPC_7351 nominal, (Body size source: https://docs.google.com/spreadsheets/d/1BsfQQcO9C6DZCsRaXUlFlo91Tg2WpOkGARC1WS5S8t0/edit?usp=sharing), generated with kicad-footprint-generator")
    (tags capacitor)
    (path /5DE968AC)
    (attr smd)
    (fp_text reference C11 (at 0 1.65) (layer B.SilkS) hide
      (effects (font (size 1 1) (thickness 0.15)) (justify mirror))
    )
    (fp_text value 4.7u (at 2.95 0) (layer B.SilkS)
      (effects (font (size 0.8 0.8) (thickness 0.15)) (justify mirror))
    )
    (fp_text user %R (at 0 0) (layer B.Fab)
      (effects (font (size 0.5 0.5) (thickness 0.08)) (justify mirror))
    )
